mAP:0.8438729982467581
classaps: 90.90909090909093 87.64604333064193 84.24138362316316 70.33859760212022 94.05594405594407 88.1568181818182 66.23376623376622 92.65921244530871 85.01184472698715 90.73363307380197 78.27396388879141